0.8691406,0.025268555,0.007507324,-0.10562134,0.06838989,-0.032470703,0.049041748,-0.016235352,-0.13250732,0.041503906,-0.01928711,-0.0012207031,
-0.09315491,1.0334129,0.06430054,-0.08893967,-0.03381729,0.058109283,-0.023674011,-0.056030273,-0.013435364,-0.117385864,0.1279602,-0.09976196,
0.32006836,-0.45425415,0.56048584,-0.0077209473,0.13052368,-0.45477295,0.2970276,0.46472168,-0.18133545,0.3059082,-0.32788086,0.20776367,
-0.10050964,0.002696991,-0.029953003,0.7826996,-0.032569885,-0.19718933,0.20237732,0.1340332,-0.2337799,-0.11669922,-0.16183472,0.2909851,
0.654541,-0.33483887,-0.11376953,0.06378174,0.8637085,-0.08520508,-0.07775879,0.31762695,0.040405273,0.20336914,-0.013671875,-0.484375,
-0.15390015,0.12472153,0.23555756,0.03731537,-0.09370422,1.1721687,-0.057304382,-0.03793335,0.012779236,-0.1781311,-0.04260254,0.07846069,
0.09284973,0.14855766,0.06543732,0.029773712,-0.100372314,0.2326088,0.817749,-0.20257568,0.185318,-0.10546875,0.1867218,-0.116241455,
0.019683838,-0.05015564,-0.06341553,-0.02708435,0.051727295,-0.13674927,0.14422607,1.1757812,-0.03224182,0.049438477,-0.15136719,-0.020324707,
0.3062744,0.066207886,-0.09661865,0.07626343,-0.03152466,-0.011581421,-0.15786743,-0.07171631,1.1568756,0.11828613,0.2290039,-0.2890625,
0.0017089844,-0.11779785,-0.099731445,0.10824585,0.06100464,-0.0048217773,0.0007324219,0.01928711,0.03100586,1.0533447,-0.09741211,0.16870117,
0.18292236,-0.09854126,-0.010620117,-0.014541626,0.0033721924,0.004272461,0.040649414,0.21936035,-0.017089844,0.074279785,0.7800293,-0.25524902,
0.023864746,-0.19781494,-0.11315918,0.0034484863,0.04269409,-0.21551514,0.10720825,0.16259766,-0.018859863,-0.0033569336,-0.012145996,0.93463135,
