0.16201115,0.30716687,-0.12460174,-0.1349102,-0.1877842,0.15410814,-0.052729458,0.04109587,-0.15602452,0.040110044,0.06044893,
-0.0914876,0.86141443,-0.097025886,-0.04196459,0.36972156,-0.06745112,-0.1916734,0.009698972,0.02024579,0.26461828,-0.091085374,
-0.28192642,-0.1511136,0.5037025,-0.13132429,0.70011264,-0.1472273,-0.24558912,-0.0030605774,-0.1313552,0.31387705,0.1079325,
0.017544875,0.1776092,-0.1192995,0.2408236,-0.12935275,0.056441188,-0.08171368,0.079885334,-0.021587849,-0.019625977,-0.06590021,
-0.08039293,0.17867121,0.13468151,-0.14648579,0.5629413,0.10155368,-0.09262407,0.027172968,-0.036709547,0.25864485,0.13023144,
0.062246155,0.26993442,-0.18750457,-0.06827172,-0.28432637,0.53096074,-0.10989399,-0.24951757,-0.068287104,-0.40212673,-0.021642767,
-0.13716443,-0.16957125,0.17293519,0.15700349,0.20769912,-0.13617766,0.21964252,0.03906688,0.065124035,0.19273357,-0.016637921,
-0.09872357,0.05570799,-0.111147135,0.29679024,-0.0043597817,-0.27412182,-0.064297676,0.578513,0.18798351,0.19293578,-0.14533103,
-0.11279445,0.06818718,-0.040079862,0.20247073,0.10668838,-0.060894668,-0.015996695,0.030053139,0.18319726,0.18697554,-0.09751248,
0.0334729,-0.06515218,-0.057410028,0.13615017,-0.0139180105,-0.0072837397,0.064874224,0.112931095,0.07755144,0.20778261,-0.0074989907,
-0.04079049,0.008738011,0.063730605,-0.11178005,-0.1856881,0.073869765,-0.019064844,0.012607761,-0.1640433,-0.10874163,0.17569849,
